237
234
230
181
127
183
262
118
188.5
206
72
94
293.6
141
334.7
165
321
408
157
325
211
389
225
419
61
257
155
110
458
453.5
198
412
124
140
276
42
415
170
137.6
462
312
153
244
125
168
107
330
133
101
350
171
157
237
295
67
294
119
177
201
360
100
202.8
389
420
35
86
310
187
371
199
400
489
227
137
340
450
266
231
402
410
168
436
77
367
123.9
262
114
112
106
179
100
203.6
236.8
282.4
169.8
174.5
210
145
331.8
176
294.3